name: SWD2025
channels:
  - conda-forge
  - defaults
dependencies:
  - blas=1.0=mkl
  - blosc=1.21.3=h6c2663c_0
  - boost-cpp=1.82.0=h59b6b97_2
  - bzip2=1.0.8=h2466b09_7
  - ca-certificates=2025.2.25=haa95532_0
  - cairo=1.16.0=hc68a040_5
  - cfitsio=3.470=h2bbff1b_7
  - expat=2.6.4=h8ddb27b_0
  - fontconfig=2.14.1=hb33846d_3
  - freetype=2.12.1=ha860e81_0
  - freexl=2.0.0=hd7a5696_0
  - gdal=3.6.2=py310he1c868a_9
  - geos=3.10.6=he74ecf9_0
  - geotiff=1.7.0=h4545760_3
  - glib=2.78.4=hd77b12b_0
  - glib-tools=2.78.4=hd77b12b_0
  - hdf4=4.2.13=h712560f_2
  - hdf5=1.12.1=h51c971a_3
  - icc_rt=2022.1.0=h6049295_2
  - intel-openmp=2023.1.0=h59b6b97_46320
  - jpeg=9e=h827c3e9_3
  - kealib=1.5.0=hde4a422_1
  - krb5=1.20.1=h5b6d351_0
  - lcms2=2.16=hb4a4139_0
  - lerc=4.0.0=h5da7b33_0
  - libboost=1.82.0=h3399ecb_2
  - libcurl=8.12.1=h9da9810_0
  - libdeflate=1.22=h2466b09_0
  - libffi=3.4.6=h537db12_0
  - libgdal=3.6.2=he0cae08_9
  - libglib=2.78.4=ha17d25a_0
  - libiconv=1.16=h2bbff1b_3
  - libkml=1.3.0=h63940dd_7
  - liblzma=5.6.4=h2466b09_0
  - liblzma-devel=5.6.4=h2466b09_0
  - libnetcdf=4.8.1=h6685c40_4
  - libpng=1.6.39=h8cc25b3_0
  - libpq=17.4=h70ee33d_0
  - libspatialite=5.1.0=h6715bb4_2
  - libsqlite=3.49.1=h67fdade_2
  - libssh2=1.11.1=h2addb87_0
  - libtiff=4.5.1=h44ae7cf_1
  - libwebp-base=1.3.2=h3d04722_1
  - libxml2=2.13.5=h24da03e_0
  - libzip=1.8.0=h289538f_1
  - libzlib=1.2.13=h2466b09_6
  - lz4-c=1.9.4=h2bbff1b_1
  - minizip=4.0.3=hb68bac4_0
  - mkl=2023.1.0=h6b88ed4_46358
  - mkl-service=2.4.0=py310h827c3e9_2
  - mkl_fft=1.3.11=py310h827c3e9_0
  - mkl_random=1.2.8=py310hc64d2fc_0
  - numpy=1.26.4=py310h055cbcc_0
  - numpy-base=1.26.4=py310h65a83cf_0
  - openjpeg=2.5.2=hae555c5_0
  - openssl=3.4.1=ha4e3fda_0
  - pcre2=10.42=h0ff8eda_1
  - pip=25.0.1=pyh8b19718_0
  - pixman=0.40.0=h2bbff1b_1
  - poppler=24.09.0=h6558a74_1
  - poppler-data=0.4.11=haa95532_1
  - proj=9.3.1=ha107b6e_0
  - python=3.10.0=hcf16a7b_3_cpython
  - qhull=2020.2=h59b6b97_2
  - setuptools=75.8.2=pyhff2d567_0
  - sqlite=3.49.1=h2466b09_2
  - tbb=2021.8.0=h59b6b97_0
  - tiledb=2.3.3=hd8964de_3
  - tk=8.6.13=h5226925_1
  - tzdata=2025b=h78e105d_0
  - ucrt=10.0.22621.0=h57928b3_1
  - uriparser=0.9.7=h2bbff1b_0
  - vc=14.3=h2b53caa_26
  - vc14_runtime=14.42.34438=hfd919c2_26
  - vs2015_runtime=14.42.34438=h7142326_26
  - wheel=0.45.1=pyhd8ed1ab_1
  - xerces-c=3.2.4=hd77b12b_1
  - xz=5.6.4=h208afaa_0
  - xz-tools=5.6.4=h2466b09_0
  - zlib=1.2.13=h2466b09_6
  - zstd=1.5.6=h8880b57_0
prefix: C:\Users\s1109438\.conda\envs\SWD2025
